  1.8204378e-006
  2.1827896e-006
  4.3835733e-006
  6.6204937e-006
  8.9119910e-006
  1.1276955e-005
  1.3734883e-005
  1.6306036e-005
  1.9011611e-005
  2.1873910e-005
  2.4916529e-005
  2.8164552e-005
  3.1644753e-005
  3.5385822e-005
  3.9418599e-005
  4.3776329e-005
  4.8494934e-005
  5.3613315e-005
  5.9173665e-005
  6.5221821e-005
  7.1807642e-005
  7.8985419e-005
  8.6814324e-005
  9.5358895e-005
  1.0468957e-004
  1.1488327e-004
  1.2602402e-004
  1.3820367e-004
  1.5152263e-004
  1.6609068e-004
  1.8202792e-004
  1.9946573e-004
  2.1854787e-004
  2.3943164e-004
  2.6228920e-004
  2.8730897e-004
  3.1469722e-004
  3.4467971e-004
  3.7750363e-004
  4.1343954e-004
  4.5278370e-004
  4.9586045e-004
  5.4302490e-004
  5.9466584e-004
  6.5120900e-004
  7.1312048e-004
  7.8091068e-004
  8.5513842e-004
  9.3641562e-004
  1.0254123e-003
  1.1228621e-003
  1.2295684e-003
  1.3464107e-003
  1.4743525e-003
  1.6144482e-003
  1.7678529e-003
  1.9358311e-003
  2.1197676e-003
  2.3211787e-003
  2.5417248e-003
  2.7832239e-003
  3.0476669e-003
  3.3372338e-003
  3.6543117e-003
  4.0015144e-003
  4.3817041e-003
  4.7980150e-003
  5.2538790e-003
  5.7530541e-003
  6.2996553e-003
  6.8981886e-003
  7.5535881e-003
  8.2712567e-003
  9.0571105e-003
  9.9176278e-003
  1.0859903e-002
  1.1891702e-002
  1.3021533e-002
  1.4258709e-002
  1.5613428e-002
  1.7096859e-002
  1.8721230e-002
  2.0499932e-002
  2.2447628e-002
  2.4580374e-002
  2.6915752e-002
  2.9473014e-002
  3.2273241e-002
  3.5339517e-002
  3.8697119e-002
  4.2373726e-002
  4.6399647e-002
  5.0808069e-002
  5.5635336e-002
  6.0921240e-002
  6.6709356e-002
  7.3047401e-002
  7.9987622e-002
  8.7587232e-002
  9.5908880e-002
  1.0502117e-001
  1.1499921e-001
  1.2592526e-001
  1.3788940e-001
  1.5099025e-001
  1.6533580e-001
  1.8104433e-001
  1.9824532e-001
  2.1708057e-001
  2.3770536e-001
  2.6028970e-001
  2.8501978e-001
  3.1209946e-001
  3.4175198e-001
  3.7422177e-001
  4.0977652e-001
  4.4870931e-001
  4.9134111e-001
  5.3802334e-001
  5.8914084e-001
  6.4511501e-001
  7.0640727e-001
  7.7352290e-001
  8.4701517e-001
  9.0723994e-001
  9.5325386e-001
  9.8433617e-001
  1.0000000e+000
  1.0000000e+000
  9.8433617e-001
  9.5325386e-001
  9.0723994e-001
  8.4701517e-001
  7.7352290e-001
  7.0640727e-001
  6.4511501e-001
  5.8914084e-001
  5.3802334e-001
  4.9134111e-001
  4.4870931e-001
  4.0977652e-001
  3.7422177e-001
  3.4175198e-001
  3.1209946e-001
  2.8501978e-001
  2.6028971e-001
  2.3770536e-001
  2.1708057e-001
  1.9824532e-001
  1.8104433e-001
  1.6533581e-001
  1.5099025e-001
  1.3788940e-001
  1.2592526e-001
  1.1499921e-001
  1.0502117e-001
  9.5908880e-002
  8.7587232e-002
  7.9987622e-002
  7.3047401e-002
  6.6709357e-002
  6.0921240e-002
  5.5635336e-002
  5.0808070e-002
  4.6399648e-002
  4.2373727e-002
  3.8697120e-002
  3.5339518e-002
  3.2273242e-002
  2.9473016e-002
  2.6915754e-002
  2.4580376e-002
  2.2447630e-002
  2.0499934e-002
  1.8721232e-002
  1.7096861e-002
  1.5613431e-002
  1.4258712e-002
  1.3021536e-002
  1.1891706e-002
  1.0859907e-002
  9.9176323e-003
  9.0571153e-003
  8.2712620e-003
  7.5535939e-003
  6.8981950e-003
  6.2996623e-003
  5.7530618e-003
  5.2538874e-003
  4.7980242e-003
  4.3817141e-003
  4.0015253e-003
  3.6543237e-003
  3.3372470e-003
  3.0476813e-003
  2.7832397e-003
  2.5417420e-003
  2.3211976e-003
  2.1197883e-003
  1.9358538e-003
  1.7678777e-003
  1.6144754e-003
  1.4743822e-003
  1.3464433e-003
  1.2296041e-003
  1.1229012e-003
  1.0254551e-003
  9.3646249e-004
  8.5518975e-004
  7.8096688e-004
  7.1318203e-004
  6.5127639e-004
  5.9473963e-004
  5.4310570e-004
  4.9594893e-004
  4.5288059e-004
  4.1354564e-004
  3.7761980e-004
  3.4480693e-004
  3.1483652e-004
  2.8746150e-004
  2.6245622e-004
  2.3961453e-004
  2.1874814e-004
  1.9968503e-004
  1.8226805e-004
  1.6635363e-004
  1.5181056e-004
  1.3851896e-004
  1.2636927e-004
  1.1526131e-004
  1.0510353e-004
  9.5812187e-005
  8.7310683e-005
  7.9528937e-005
  7.2402799e-005
  6.5873524e-005
  5.9887286e-005
  5.4394738e-005
  4.9350600e-005
  4.4713291e-005
  4.0444582e-005
  3.6509283e-005
  3.2874954e-005
  2.9511634e-005
  2.6391597e-005
  2.3489124e-005
  2.0780286e-005
  1.8242753e-005
  1.5855607e-005
  1.3599169e-005
  1.1454838e-005
  9.4049358e-006
  7.4325648e-006
  5.5214653e-006
  3.6558826e-006
